6.997882792347809e-06,0.0, 6.358151178746638e-19, 1.2812826158132423e-13, 0.9999929666519165, 0.0, 0.0
0.9999998807907104,0.0, 6.866172697073125e-08, 6.082994358861183e-28, 5.306336332567458e-18, 0.0, 0.0
0.0,0.0, 0.0, 0.0, 0.0, 0.0, 1.0
0.0,0.0, 0.0, 0.0, 0.0, 0.0, 1.0
0.0,0.0, 0.0, 0.0, 0.0, 0.0, 1.0
0.0,0.0, 0.0, 0.0, 0.0, 0.0, 1.0
0.0,0.0, 0.0, 0.0, 3.5625680583139417e-29, 0.0, 1.0
0.0,0.0, 0.0, 0.0, 0.0, 0.0, 1.0
0.0,0.0, 0.0, 0.0, 0.0, 0.0, 1.0
0.0,0.0, 0.0, 0.0, 0.0, 1.0, 0.0
0.0,0.0, 0.0, 0.0, 0.0, 0.0, 1.0
0.0,0.0, 0.0, 0.0, 0.0, 0.0, 1.0
0.0,0.0, 0.0, 0.0, 0.0, 0.0, 1.0
0.0,0.0, 0.0, 1.0, 0.0, 0.0, 0.0
0.0,0.0, 0.0, 0.0, 0.0, 1.0, 0.0
0.0,0.0, 0.0, 0.0, 0.0, 0.0, 1.0
0.0,0.0, 0.0, 0.0, 0.0, 0.0, 1.0
0.0,0.0, 0.0, 0.0, 0.0, 0.0, 1.0
0.0,0.0, 0.0, 0.0, 0.0, 0.0, 1.0
0.0,0.0, 0.0, 0.0, 0.0, 0.0, 1.0
0.0,0.0, 0.0, 0.0, 0.0, 0.0, 1.0
0.9991055130958557,0.0, 0.0008944540750235319, 0.0, 0.0, 0.0, 0.0
0.0,0.0, 0.0, 0.0, 0.0, 0.0, 1.0
0.0,0.0, 0.0, 0.0, 0.0, 1.0, 0.0
0.0,0.0, 0.0, 0.0, 0.0, 1.0, 0.0
0.0,0.0, 0.0, 0.0, 0.0, 0.0, 1.0
0.0,0.0, 0.0, 0.0, 0.0, 0.0, 1.0
0.0,0.0, 0.0, 0.0, 0.0, 0.0, 1.0
1.0,0.0, 0.0, 0.0, 0.0, 0.0, 0.0
0.0,0.0, 0.0, 0.0, 0.0, 0.0, 1.0
1.0,0.0, 0.0, 1.059904659699018e-13, 0.0, 0.0, 0.0
0.0,0.0, 0.0, 0.0, 0.0, 0.0, 1.0
0.0,0.0, 0.0, 0.0, 0.0, 0.0, 1.0
0.0,0.0, 0.0, 0.0, 0.0, 0.0, 1.0
0.0,0.0, 0.0, 0.0, 0.0, 0.0, 1.0
0.0,0.0, 0.0, 1.0, 0.0, 1.0071243977468496e-15, 0.0
0.0,0.0, 0.0, 0.0, 0.0, 0.0, 1.0
0.0007952522537379991,8.71385889876855e-12, 13.725300133228302, 0.0001523071091469319, 31.92063271999359, 54.35304641723633, 7.2650112770134e-05
0.0002759122190420232,3.0324191600750446e-15, 4.212913540775391, 1.755312941928595e-05, 86.8296615379847, 8.954437610771514, 0.0026928575393677526
0.00017837486439020722,4.552814796986073e-14, 49.67152178287506, 3.3868200688402794e-06, 41.70641601085663, 8.16570445895195, 0.4561763256788254
0.00013415806279226672,3.93571642097669e-15, 0.012738587975036353, 3.3335600946315935e-08, 98.98056983947754, 1.0065401904284954, 2.0279306056636415e-05
0.00020279032780296452,3.079496544613899e-13, 39.91260946838743, 0.00021508501214009566, 51.980685951627976, 3.5927798041367764, 4.51350344556529
0.0015664116241962762,1.6987096348432485e-12, 53.60968665961186, 0.0001921614965003831, 5.249215781782176, 40.84751715093647, 0.29181552831792495
9.298533456078643e-05,5.4582886611530626e-14, 95.0816517970977, 7.037866694220371e-06, 1.5039289440001316, 2.6355604293274366, 0.7787501908093464
0.0004636590249240583,2.4800240295526152e-14, 2.804363557176166, 9.517806740559113e-07, 84.3361396388841, 12.77348693925298, 0.08554043159896951
0.0009320904609921854,9.317004124860615e-13, 83.68032574653625, 0.009173208673018962, 3.7929270416498184, 9.948933869600296, 2.5677092373371124
0.007815241929748126,1.7181309880566098e-08, 79.22712216053937, 0.013677446811261408, 10.280640687866129, 10.470469537917431, 0.00027563327318802803
0.0008915805665310472,3.3809577359988907e-06, 0.783038791269064, 58.887779712677, 38.44635486602783, 0.41320305317640305, 1.468738354742527
0.0009028189197124448,1.5686119070323912e-05, 24.664320051670074, 42.394351959228516, 30.76273500919342, 1.6302498057484627, 0.547424703836441
0.0013749198842560872,6.229920135325528e-07, 8.746523410081863, 6.035962700843811, 84.55443382263184, 0.37704312708228827, 0.28466517105698586
2.5698736515900958e-05,3.292407929342419e-13, 55.545080369124456, 0.01998521713130902, 40.53140467779692, 3.9033428762367817, 0.0001682156922000715
1.551663281534097e-05,7.137555815513731e-16, 6.217471508233041, 0.04280177491187453, 93.52134427555467, 0.21756683841746083, 0.0008006832581246071
3.242953141580074e-05,3.617577463432875e-15, 94.3223774433136, 1.6370805155929702e-05, 0.1817489741370082, 5.494257807731628, 0.0015734312910353765
0.0004329283910919912,1.7597969747045145e-15, 78.30418348312378, 7.200511475957683e-06, 0.505742197856307, 21.15202248096466, 0.03761754196602851
0.001029995535192745,1.4944906282714121e-15, 51.8270821468283, 3.064704868255374e-05, 7.865716985804855, 40.295856612673795, 0.010283834011680797
0.0014892055332893506,5.64727821797395e-10, 41.22190177440643, 0.38960317615419626, 57.061779499053955, 1.3004142791032791, 0.024810413015075028
0.00016634479607091635,2.1418181898186228e-10, 41.44458770751953, 1.6899297013878822, 56.209927797317505, 0.24020459968596697, 0.4151871893554926
0.00018999542135134107,2.183327439198371e-11, 48.6392080783844, 0.08212959510274231, 50.74841380119324, 0.4858382511883974, 0.04422011261340231
5.773816045250722e-05,3.4874045293514565e-11, 1.249447911944861, 91.14380426071908, 5.69748465403823, 1.9091927653069953, 1.4979530687195186e-05
8.66899700782849e-05,5.1459741045254e-10, 6.56102824938634, 86.95851408940722, 1.1654215391482758, 5.314944945567244, 5.494279464661484e-06
0.00022880728920426918,6.290309939593897e-09, 40.668222308158875, 26.590999960899353, 6.530581414699554, 26.209914684295654, 5.1055167205049656e-05
6.532774250445073e-05,4.1287450888716215e-10, 43.87286603450775, 42.597487568855286, 1.1795097962021828, 12.350067496299744, 7.4997934973453084e-06
0.00012953681789440452,3.132902804910999e-12, 47.743427753448486, 0.3888425650075078, 51.26939415931702, 0.5942417774349451, 0.003966902659158222
5.135024139235611e-05,3.226712084984239e-13, 4.011273384094238, 0.020520458929240704, 86.27848029136658, 9.68959778547287, 7.771132572997885e-05
8.093673500297882e-05,1.3895385764326612e-11, 81.24430775642395, 0.064537936123088, 17.019836604595184, 1.652851141989231, 0.01839084579842165
0.0006949700491531985,2.874383023265814e-10, 62.08921670913696, 17.80093163251877, 6.576519459486008, 13.53234052658081, 0.00029695011107833125
0.001679790675394976,1.3894279034935173e-10, 3.460232501002252, 67.30508598028588, 24.337287326182445, 4.8955837016601915, 0.00012705598541880853
0.0013359378499444574,6.132929992845593e-11, 0.17826866824179888, 85.91914772987366, 11.575152724981308, 2.3260844871401787, 1.0271946138118437e-05
0.0017883515880359306,3.485504437985355e-10, 1.068661513935147, 75.99939990050794, 1.9500510305105412, 20.980085911740552, 1.1502501046010531e-05
0.0001946134261743282,4.512778605664236e-10, 1.450122520327568, 65.78877568244934, 0.9114080108702183, 31.849506497383118, 2.0376141662836744e-06
7.405148494399327e-05,1.9322373562280504e-10, 14.468878507614136, 0.7250163704156876, 0.18371985061094165, 84.62231159210205, 2.2188682002877158e-07
4.0142444390767196e-05,1.3055049662841212e-10, 7.949869334697723, 0.043769655167125165, 72.17294573783875, 19.832555949687958, 0.0008217664799303748
3.894876902226908e-05,3.459201013927205e-10, 0.36971140528240237, 0.5808937709566219, 94.46351495167703, 4.584980656801501, 0.0008611600209742238
9.514296269064434e-05,2.5650015162804288e-08, 1.5832418551156693, 4.809021376488045, 76.14065693132198, 17.466490868748323, 0.0004906967075688964
0.00025322265918512163,1.4811951210470689e-07, 44.71309122003212, 2.0658359531564656, 20.154500920117012, 33.06000030756, 0.006318124385988267
5.845191580064283e-05,2.470045748249447e-09, 5.684486098946798, 9.775407192062474, 3.388035638566537, 81.15199432945319, 1.1483988567779897e-05
0.000609809831075836,3.822504465733623e-09, 8.036932349205017, 0.005671974940923974, 67.78684258460999, 24.148020148277283, 0.021925181499682367
0.004324752080719918,3.8671735952400255e-09, 8.544781059026718, 0.0008473346497339662, 60.821157693862915, 30.611637234687805, 0.017253748956136405
0.02189502993132919,4.243176296436779e-09, 14.72664326429367, 5.491330057338928e-05, 38.11342120170593, 47.13313281536102, 0.004856297164224088
0.05785642187372875,6.006873135002195e-07, 6.352936855133584, 0.016873498230617387, 20.29541255804375, 73.23592741703554, 0.04099458700386208
0.0467836536699906,1.1030643065623735e-06, 1.7725661396980286, 0.06167967803776264, 25.68948268890381, 72.42094874382019, 0.008537350367987528
0.013385912321138404,1.242249710447455e-06, 0.7470970082763424, 0.04129183452077693, 22.25377443387813, 76.94232738705547, 0.0021233302701974526
0.0060584177818277275,2.0241905359351685e-06, 2.323889125817366, 0.08620649391525947, 16.816766072318917, 80.76470379619025, 0.0023712008945940594
0.02370063739363104,7.023980685971765e-06, 6.995343416929245, 0.11102906428277493, 27.12595760822296, 65.73720574378967, 0.006757213122909889
0.04280829452909529,1.9543067608651654e-06, 5.323325097560883, 0.003828484841505997, 4.313580691814423, 90.31434655189514, 0.002112651418428868
0.00019568021857430506,2.7499189474543813e-11, 6.236287577305744, 1.130637851566657e-06, 0.0228152201001981, 93.74070092924845, 1.3253150158483342e-07
0.00023694324227108154,4.733818046755156e-11, 6.757321208715439, 3.760127498253496e-06, 0.043773409561254084, 93.19866895675659, 3.8036649385730925e-07
0.00065037176205303,5.166915757977725e-10, 6.088531781610038, 5.8916525429315863e-05, 0.06691246310733699, 93.84384228660556, 1.3711087518445617e-06
5.629837005471927e-05,1.2945337347653602e-11, 3.610997647047043, 0.0001094471144824638, 0.013431807747110724, 96.37540578842163, 9.882749063550023e-08
1.0787967784836162e-05,1.1182727630145201e-13, 9.054031762721047, 3.4267435377842636e-06, 0.005005580831535322, 90.94094580059921, 1.950063560288973e-08
1.3314804903075128e-05,3.9584787770729243e-14, 29.543769359588623, 2.029873158448936e-06, 0.0022061347408453003, 70.45400738716125, 3.729662800822098e-07
0.007469663978554308,2.7081384010307907e-09, 19.02502328157425, 9.642426590517061e-06, 4.966166988015175, 76.00127458572388, 5.838644483446842e-05
5.134733882528053e-06,3.1745358295212633e-12, 0.1389153767377138, 95.62126398086548, 0.2459508366882801, 3.993861749768257, 2.804219745300429e-07
2.111689156869545e-08,4.810238792694266e-17, 0.001728875213302672, 99.97764229774475, 0.015275838086381555, 0.005356267138267867, 1.182029196744594e-08
0.012893920938950032,2.6381284309873188e-09, 0.03195201570633799, 1.295442134141922, 75.07113814353943, 23.588572442531586, 1.3702174506136089e-06
0.012893920938950032,2.6381284309873188e-09, 0.03195201570633799, 1.295442134141922, 75.07113814353943, 23.588572442531586, 1.3702174506136089e-06
0.12863799532207817,1.3285074277599167e-06, 2.05468808440495, 0.9123069777969705, 21.986640810170222, 74.91772621379651, 2.37957241439304e-06
0.12863799532207817,1.3285074277599167e-06, 2.05468808440495, 0.9123069777969705, 21.986640810170222, 74.91772621379651, 2.37957241439304e-06
1.20510108403777e-05,6.037220259115183e-13, 0.20400134277327742, 0.0022796007226208296, 99.45869452253645, 0.33472029693033734, 0.0002867907254856309
2.759682793396223e-06,2.60666342704512e-13, 0.004402315607876517, 99.66850876808167, 0.30023131985217333, 0.026854785392060876, 3.2013613093795357e-06
8.4337513222375e-05,1.160682847990844e-10, 0.9237849914985905, 87.67097739327224, 0.2581238671766082, 11.14702240860195, 4.893912247139391e-07
0.001617824080266075,1.7586987060127117e-09, 2.956445721513543, 0.00014690537522694163, 0.0625331636944367, 96.97924888381375, 5.266219187998211e-06
0.0008883503141987603,8.770568364450948e-11, 18.496042490005493, 0.0004294978680263739, 2.8406882658600807, 78.6619484424591, 4.100575523580119e-06
0.0005098191497172451,3.750223684176655e-07, 34.95246947378284, 1.8146302250468462, 31.24979659917395, 31.961315040431614, 0.021270144872759893
5.472312280865897e-05,1.6745727331490147e-09, 0.16720758117855078, 11.235792859541943, 87.53868267170684, 1.0558645870306842, 0.0023979991575791
6.071461846567512e-05,2.657143572706023e-13, 1.1798320110042102, 0.0033083872193114664, 98.29304208117975, 0.5236623655207375, 9.358377031558664e-05
0.005558818520512432,7.229468217649637e-11, 94.12853717803955, 0.0048254558350890875, 4.77672778069973, 0.6252252031117678, 0.4591298755258322
0.002144181780749932,1.0482313801685184e-09, 29.797357320785522, 0.0001047819296218222, 2.1861717104911804, 68.0122435092926, 0.0019797333152382635
0.17026496352627873,0.0009428852536075283, 0.060712447157129645, 2.6303675025701523, 95.05864381790161, 2.041871100664139, 0.037196718039922416
0.008487465674988925,3.8650145484098175e-05, 32.86173641681671, 36.47407293319702, 26.393485069274902, 1.9047625362873077, 2.3574164137244225
4.642555417039613e-06,8.168959919416459e-10, 0.9893806309628863, 1.115758504167706, 97.72881255917623, 0.11423862987316429, 0.05180770840094736
0.008612737805783022,1.3782716901060674e-07, 72.85366492591291, 12.03114983625113, 3.3112598694121758, 11.662012288690345, 0.13330202412915373
3.535522358746669,1.8326853661227397e-05, 43.49335989316463, 0.001172044337009627, 10.955133942075607, 41.21791071998541, 0.7968836938967523
0.2912999829277396,1.5886026938360942e-07, 44.876253604888916, 1.6737539354494402e-06, 6.303451210260391, 48.50441813468933, 0.02457770169712603
5.823399332351288e-08,5.167467491385589e-16, 0.42879132315762775, 99.52968356190226, 0.026748796656656065, 0.014775696916640366, 2.7028249695102544e-06
0.08708940003998578,3.5320567803864833e-06, 14.963564276695251, 0.28719380497932434, 81.73817992210388, 2.8860216960310936, 0.037946944939903915
0.036632367120071306,1.12939662207716e-06, 3.1253572553822107, 10.347469639476495, 85.49527949038499, 0.8441691361867352, 0.1510895619536414
0.0009310015229857527,1.805083166273036e-08, 15.43571949005127, 2.6137497276067734, 78.14205288887024, 2.8461966663599014, 0.9613473899662495
3.534909898619198e-05,7.943902631035151e-13, 95.38189823843261, 0.010406437864737541, 0.19735852232026788, 0.035039462279480724, 4.375258684127488
1.481015434192002e-05,2.602727426691318e-15, 97.89378630481876, 4.246254801075842e-05, 0.004810573150521779, 0.5310596749073073, 1.5702930283721106
1.0353038866011735e-05,4.299400530184161e-16, 4.4600571370158875, 0.0031610105062645603, 94.84149186858487, 0.5965384544604095, 0.09874108370340369
3.9993417466632764e-07,3.858717089429885e-14, 1.7593307420611382, 7.808501273393631, 90.09959101676941, 0.06267725257202983, 0.2698998898267746
0.0003383729563211091,1.001805924457852e-11, 0.024186831433326006, 0.35969174932688475, 98.83655309677124, 0.7760485168546438, 0.0031843374017626047
5.64806532124895e-05,1.2373035192133917e-11, 3.000384561740432, 0.03528337903147215, 96.18198848855427, 0.7156924771185206, 0.06659498136684187
2.5033779138539103e-05,6.663799837253897e-14, 0.009192833385895938, 0.004879530752077699, 99.96377229690552, 0.017191337246913463, 0.004938720667269081
3.2732414287148914e-06,1.9614770890948594e-17, 0.017574672121348806, 7.288840898974265e-06, 99.96238350644013, 0.01994732857135034, 8.6151828232729e-05
1.6998872354179184e-05,2.6892378421831985e-17, 0.052220060024410486, 3.486510280481525e-06, 99.81422424316406, 0.13330549700185657, 0.00022971864837018074
0.0013835049600578542,3.4167154650638515e-10, 0.439618693790954, 0.010594047393434712, 97.71224246694102, 1.8044076072816615, 0.03175649515578122
0.0010649186151567847,7.608241293921569e-10, 8.238836377859116, 0.8401422761380672, 27.331873774528503, 0.155478878878057, 63.43260407447815
0.0010193573569309627,1.8436986555168636e-19, 6.957524607031093e-05, 3.8051583709374054e-05, 99.99144673296492, 0.00742248856699026, 1.541536057426226e-06
8.44492930388865e-08,7.661817850836506e-27, 6.148104403194484e-07, 3.009455936522498e-08, 99.99595880556598, 0.004034976401387733, 2.235005533791199e-11
6.095742133283011e-07,2.520372073582245e-25, 2.385761588286073e-07, 1.309663315296472e-10, 99.9958872795105, 0.0041125986172119156, 1.4216246926944225e-12
0.001820183933887165,1.6091929429392727e-21, 0.0013243421562947333, 1.5833967381695402e-05, 99.92432594299316, 0.07039295160211623, 0.002121077159245033
0.0001438348418990059,8.079074705033758e-20, 0.06619003045156235, 7.265018275775639e-08, 93.58201103424895, 6.351649749082357, 9.34524346414514e-08
0.01751756644807756,2.6486452965789637e-21, 0.00043538952922972385, 5.600337001784118e-15, 96.15253806114197, 3.829510509967804, 4.564230260016219e-12
4.948742571286857e-05,1.7756509549035366e-26, 4.717110591023754e-08, 7.195810246465788e-15, 99.9840497970581, 0.01590023166500032, 1.9863288531346557e-12
5.573258809135122e-05,3.480176879209028e-24, 0.018999991557560356, 2.7933505794909714e-17, 92.99460011688471, 6.986345022102894, 1.5616403416198491e-10
2.7209047660264468e-05,4.036215890314466e-17, 39.31843276729779, 7.384527457803046e-11, 0.5099766260371581, 60.16614795721459, 0.0054198946192611525
1.842632855186821e-05,7.009919885487969e-26, 6.440949440467136e-08, 1.1383392048725394e-17, 99.98231530189514, 0.01766490750014782, 1.7621632141822286e-13
5.585673057282901e-06,1.7122223886898224e-24, 0.00020562835150127252, 4.052007999580547e-15, 99.67493412941302, 0.32485744058236127, 8.790363059040266e-10
6.829289986853837e-05,1.490021086772596e-22, 2.789724078411382e-05, 1.553121245767195e-16, 99.94495511054993, 0.0549468444660306, 5.737826172172574e-13
1.0469955209254777e-06,6.479128313766493e-23, 0.004012654857481996, 2.6947337630744034e-11, 99.55692892588033, 0.4390544665986935, 1.3297642650541e-09
1.6554426718329296e-07,3.2764113537691116e-18, 2.716897428035736, 0.030163931660354137, 97.1290111541748, 0.12231881264597178, 0.001608257480256725
1.0661529054297774e-05,4.1568993890209166e-15, 9.585335186448853e-05, 0.39292154806297447, 99.51558118872867, 0.09135097573238901, 3.6841448874036006e-05
7.154891932259488e-05,1.9583422916343105e-14, 33.63075256347656, 4.766208405726502e-05, 65.56226015090942, 0.7939958944916725, 0.012874140520580113
0.0012502596291597001,2.153092318625256e-13, 8.359476178884506, 2.6945780717824164e-06, 86.85750961303711, 4.781131446361542, 0.0006350241164909676
0.003852837471640669,6.947905358684059e-10, 1.437754649668932, 0.001819816134229768, 62.61172890663147, 35.94478666782379, 5.366440518628224e-05
0.0002741656771831913,4.521757534375892e-10, 75.05795955657959, 0.020473191398195922, 10.132090002298355, 14.788663387298584, 0.0005335346486390335
2.0398802291765605e-05,2.918847238561617e-10, 91.63076877593994, 0.0095472285465803, 3.9228133857250214, 4.419891536235809, 0.01695587852736935
5.615524969471153e-05,5.956338533508188e-07, 0.5986322183161974, 71.19972705841064, 27.880942821502686, 0.3056919202208519, 0.01494627067586407
6.449944294217858e-05,6.092353288522645e-08, 41.80756211280823, 25.557515025138855, 13.09128999710083, 19.5395365357399, 0.004026863462058827
0.0005303882517182501,2.1867915811490946e-08, 37.95327842235565, 0.0019130111468257383, 0.2946538385003805, 61.74905300140381, 0.0005647320904245134
0.004055058767109887,3.7564580353791677e-07, 17.222055329206903, 0.00248278244063079, 0.41081167412171804, 82.3596824621965, 0.0009096631034623726
0.005731507189921103,2.695849987688348e-07, 15.490299463272095, 0.16418287996202707, 1.2493311427533627, 83.0873191356659, 0.0031436273275176063
0.0007302735866687726,2.6005662068229185e-07, 1.036502793431282, 74.70760345458984, 15.689821541309357, 8.557303994894028, 0.008039751264732331
0.005438296284410171,1.2524808745695282e-06, 2.6517627760767937, 13.262349367141724, 80.41759133338928, 3.476882725954056, 0.18597659654915333
0.0002224950814369325,3.748049540112935e-09, 48.781782243464264, 0.00013812029292576246, 0.3835112779302928, 50.834161142606874, 0.000186820249825272
0.0008737071766518056,6.196057888985251e-07, 18.425002694129944, 0.020141889399383217, 0.543545838445425, 81.00938200950623, 0.0010539523827901576
0.000567593803860134,2.456225813704659e-07, 26.622010864139252, 0.007544785052646178, 0.5456378543012055, 72.82342152735123, 0.000813156887753439
3.34765036197202e-05,2.4249857562210065e-08, 15.427949675565996, 0.002794131463604209, 0.03837604433099397, 84.53083818783306, 4.756307491521752e-06
8.48085158468265e-05,1.4479748264157393e-07, 15.695918541903408, 0.0009399339993247073, 0.047381722747748954, 84.2556705627245, 5.159945667435022e-06
0.00034866002351918723,2.060490000843629e-07, 2.6954801753163338, 0.002602861241030041, 0.05453058402054012, 97.24703431129456, 8.259577022329267e-07
0.00024631228825455764,4.910576389960397e-08, 4.575024172663689, 0.014833036402706057, 0.0014215812370821368, 95.40847539901733, 5.33160737781202e-09
0.012742818216793239,6.534543217640021e-06, 14.591525495052338, 0.0032050462323240936, 0.09177139727398753, 85.30064821243286, 0.00010202326166108833
0.0019793032422199914,1.0463029955476037e-07, 14.422879482679337, 0.009575598076068123, 11.472131250627712, 74.0929349716267, 0.0005002267087391897
0.0001336701575568576,9.591186628072703e-09, 0.8667297763204308, 5.088943104617965, 3.6776636454658087, 90.36653523046198, 1.226091729978448e-06
3.935318488856865e-05,2.8134159932302616e-09, 2.14377474039793, 28.75640094280243, 0.7678122259676456, 68.33197474479675, 3.88672249940214e-07
0.0002603813300083857,1.2571611807121741e-08, 2.946135215461254, 1.9858093932271004, 8.814844489097595, 86.2529456615448, 3.638275103412525e-06
5.119488874717395e-05,8.761310430747731e-10, 0.301362773007187, 6.784284923587433, 90.4752958387489, 2.4388064743645756, 0.00020056227302857064
3.7441200872769444e-05,1.3211176453390684e-10, 0.46188653528552825, 1.6820520020065306, 97.26015958068852, 0.5923675132700785, 0.0034920812525214623
2.6174086264573058e-05,2.398878118978124e-10, 0.23749262988655212, 13.207487677635232, 86.09690235890122, 0.45333825235506864, 0.004748998051163042
5.511745699748432e-05,7.518657152322064e-10, 0.37200581171398234, 34.97026771129773, 60.972074328188555, 3.6849832496037034, 0.0006141479755104244
0.00012156891671111225,8.901896580981727e-10, 0.37020533345639706, 21.666647493839264, 74.97148513793945, 2.9905036091804504, 0.0010385026143922005
0.00011937861472688382,3.6581367275634324e-10, 0.526395533233881, 5.9515804052352905, 91.16931557655334, 2.3498868569731712, 0.0027009544282918796
0.00038719513213436585,3.1309475845286983e-09, 1.2282298877835274, 4.861760139465332, 86.953204870224, 6.9512225687503815, 0.005195679477765225
0.0009721755554210125,3.9413693677673596e-08, 1.2833923700025522, 3.532454047495609, 80.48623567655511, 14.691706263030323, 0.005240871075267436
0.00156395817612065,1.0643390613296333e-07, 1.989520713686943, 4.387254640460014, 58.970677852630615, 34.64826047420502, 0.002728556501097046
0.0015816367522347718,1.4287041549820856e-07, 3.1698882579803467, 5.442982167005539, 50.986188650131226, 40.39664268493652, 0.0027153395421919413
0.0034326229069847614,9.666828226784219e-07, 5.153914168477058, 5.001594498753548, 30.636966228485107, 59.203946590423584, 0.00014353084907270386
0.00962674342936542,5.026603813487768e-05, 22.406484495820465, 3.1406510602651765, 10.135322346052844, 64.30750914722572, 0.0003503211965678021
0.028779982883634224,0.00013964186718736635, 47.73561981491806, 2.3341865290181008, 10.510061173431733, 39.38893802297854, 0.002268069786368466
0.009180487360620118,5.049659835944573e-05, 31.402518236787213, 2.970745964094756, 9.528115214593125, 56.08875489763945, 0.0006378941559933368
0.0186626373970963,4.262454039548345e-05, 45.95904028171541, 0.6161563931349751, 21.47565165016959, 31.921874399296904, 0.008579124334793499
0.02126884792232886,3.159452433010301e-05, 40.948286652565, 0.6759113166481256, 32.39741623401642, 25.934112071990967, 0.02297092432854697
0.03981541085522622,6.687341169708816e-05, 50.35701394081116, 0.4488881677389145, 36.46858334541321, 12.588165700435638, 0.0974631926510483
0.021333225595299155,2.3391737613565056e-05, 23.137740790843964, 1.5984397381544113, 54.38675880432129, 20.82473635673523, 0.030969743966124952
0.020522634440567344,8.178327703944888e-06, 15.46214371919632, 0.5909571889787912, 64.03784155845642, 19.86933797597885, 0.01919324859045446
0.011825042020063847,3.666178116645824e-06, 6.917319446802139, 1.8875958397984505, 74.41592216491699, 16.752442717552185, 0.014890401507727802
0.005623625417774593,1.476109099947118e-06, 7.960967178460023, 0.8507779882285581, 71.19466319020547, 19.978603122067824, 0.009366529800617895
0.006751721957698464,9.761824237841665e-07, 6.747505813837051, 0.3401043592020869, 73.24893474578857, 19.650988280773163, 0.005715893712476827
0.005077574678580277,2.3204367316509433e-07, 5.866687744855881, 0.04713624657597393, 58.779752254486084, 35.29890179634094, 0.002447170300001744
0.006383312955528525,3.1724573749336663e-07, 6.679407160246799, 0.04463448105995244, 49.32435448910919, 43.94227230204775, 0.002951066374772459
0.011506543607369454,8.824680489080303e-08, 1.3740729765208988, 0.02414204940182872, 48.289349879103916, 50.30025836226245, 0.0006685084484863734
0.010286699398420751,9.151224222847532e-08, 1.784752495586872, 0.0150081526953727, 47.09576666355133, 51.093459129333496, 0.0007225531135190977
0.008768806583248079,6.39545305602951e-08, 2.333347499370575, 0.010083521192427725, 50.776493549346924, 46.87047898769379, 0.0008272181730717421
0.015636270109098405,7.068134966203843e-08, 2.2517668083310127, 0.006026692062732764, 48.921120166778564, 48.80481958389282, 0.0006320447027974296
0.0183210737304762,8.808319074127269e-08, 1.4663074165582657, 0.009202145884046331, 51.93380117416382, 46.57158553600311, 0.0007857373020669911
0.014409988347663782,7.117019620408539e-08, 1.4875508800179291, 0.008622684768030258, 38.944592412983916, 59.54418537284049, 0.0006376078925188911
0.022743614681530744,9.867350270198472e-08, 1.7564194276928902, 0.00772785278968513, 51.6351044178009, 46.577224135398865, 0.0007813067895767745
0.018907200936341396,1.4196189251141315e-07, 1.7414599870395644, 0.021459244828935096, 42.13595296573078, 56.08152819651701, 0.0006936105282083364
0.004214705404592678,4.3784762482346196e-07, 5.180718004703522, 0.2550810342654586, 43.39613914489746, 51.15991234779358, 0.003933020707336254
0.0026763304049381986,2.926484610199509e-07, 4.1237059980630875, 0.5939269904047251, 39.58244025707245, 55.69489598274231, 0.0023531476472271606
0.003385244053788483,4.2777656972248224e-07, 4.717335477471352, 0.8483696728944778, 47.80757129192352, 46.619412302970886, 0.003924525299225934
0.016610421880614012,2.3278703409346235e-07, 2.31308676302433, 0.024798279628157616, 40.016549825668335, 57.62854218482971, 0.0004130938123125816
0.01112092868424952,7.672699697813812e-08, 1.9011510536074638, 0.013308117922861129, 45.63993215560913, 52.43430137634277, 0.00018984783309861086
0.0055848730589600735,5.674739445770673e-08, 1.4841672126451477, 0.043580672979982436, 48.31256588547637, 50.15380380704357, 0.00028971106715015686
0.005837714343215339,5.132778091443413e-08, 1.9621152430772781, 0.02423802943667397, 49.34877157211304, 48.65877032279968, 0.00026677407731767744
0.004444750084076077,5.358413712741594e-08, 2.9914135113358498, 0.05012167966924608, 59.31239128112793, 37.64120936393738, 0.00041827238419500645
0.0036612956319974355,2.2778974600041998e-08, 1.9648359608845758, 0.014685168275887575, 73.8771708158051, 24.139396948886283, 0.0002460505972973407
0.0017956796000362374,2.817685251788049e-08, 2.498086169362068, 0.14457451179623604, 51.432883739471436, 45.920947194099426, 0.001710076685412787
0.0020786310415132903,5.757019860830326e-08, 3.0548861250281334, 0.2614117693156004, 25.254550576210022, 71.42601013183594, 0.001058800353348488
0.004483088196138851,1.407765792826865e-07, 4.346883296966553, 0.3160464344546199, 22.37129658460617, 72.95921444892883, 0.0020750741896335967
0.003372850187588483,1.7389434336934073e-07, 4.272424429655075, 0.40024416521191597, 18.738475441932678, 76.58426761627197, 0.001212675306305755
0.0024548027795390226,6.90091039867724e-08, 3.783252462744713, 0.28074111323803663, 26.322966814041138, 69.6095883846283, 0.0010013054634328
0.003514954005368054,8.088495984104327e-08, 5.397379025816917, 0.08143412414938211, 19.30641531944275, 75.21043419837952, 0.0008254512067651376
0.0036335914046503603,1.6495472765498675e-07, 6.257563829421997, 0.5507875699549913, 26.02151334285736, 67.16448664665222, 0.0020159433915978298
0.0034297441743547097,1.5517054308133993e-07, 5.705689266324043, 0.24708043783903122, 15.209385752677917, 78.83338928222656, 0.0010302515875082463
0.002609051989566069,7.71047448111517e-08, 5.95763698220253, 0.23305302020162344, 22.463063895702362, 71.34238481521606, 0.0012529475498013198
0.002900351319112815,1.4624466082580057e-07, 7.7593207359313965, 0.30388582963496447, 20.61498761177063, 71.31724953651428, 0.001658013388805557
0.0031829626095714048,1.7864081325313919e-07, 8.828561007976532, 0.19671430345624685, 26.7794668674469, 64.18948173522949, 0.0025945033485186286
0.0035589026083471254,2.473407478831291e-07, 7.892593741416931, 0.580122834071517, 33.10673534870148, 58.4136426448822, 0.0033416221413062885
0.002416817005723715,5.921427237431942e-08, 5.6126125156879425, 0.1579988980665803, 34.23680663108826, 59.988582134246826, 0.0015843872461118735
0.0015624480511178263,3.9507802584992646e-08, 3.200380876660347, 0.6161450408399105, 55.917251110076904, 40.26012122631073, 0.004540593363344669
0.0018518485376262106,2.6867039149003347e-08, 3.2600630074739456, 0.33979860600084066, 44.19337511062622, 52.2005558013916, 0.0043575113522820175
0.0020408084310474806,6.253227796682026e-09, 2.537904307246208, 0.10726915206760168, 48.35216701030731, 48.99522066116333, 0.005394451363827102
0.0019845306542794795,3.7888739544840414e-09, 5.844797914910192, 0.03165151472268341, 38.26447357323608, 55.85061048570934, 0.006484346908981169
0.008383888508530586,1.216532840437635e-08, 37.06680392422629, 0.0009710202655027676, 21.780358638720674, 41.124905213724944, 0.01857288804386773
0.003526079672155902,1.1030489889540807e-09, 48.424410820007324, 8.831089530758618e-05, 10.859450697898865, 40.704360604286194, 0.00816871615825221
0.004044990173665566,1.095835705693896e-09, 50.67176826855758, 2.1258472007857965e-05, 6.745115726603952, 42.5752481907902, 0.0038054285130648406
0.006920936090992595,3.0029142477466376e-09, 41.651706892455444, 1.548183135285817e-05, 4.09641426460913, 54.243022709253154, 0.0019214824095366042
0.0003198475951649016,9.252000275389478e-13, 62.40007281303406, 5.833553640144373e-08, 2.20721997320652, 35.39215624332428, 0.00022594838355871616
0.00015449462580363615,5.509154169709989e-14, 55.90320825576782, 3.472362675172036e-09, 1.377018354833126, 42.71950423717499, 0.00011328124855936039
0.000132718373701516,3.2006449659350346e-15, 23.856562512330708, 1.2966978374585934e-10, 2.557374418392847, 73.58591275383083, 1.1792149494457937e-05
0.00011190739527043029,1.5596810671046142e-15, 19.23949088093584, 1.0505299513906522e-10, 2.8061872158162124, 77.95420753682896, 8.533620896750453e-06
0.0001936653688972001,6.3198961226880766e-15, 8.572923392057419, 3.839616125045353e-10, 4.761888831853867, 86.66499257087708, 3.8245964617544814e-06
0.0019022341803065501,9.070892772805247e-12, 44.533076882362366, 1.0803371530698769e-07, 10.035035759210587, 45.429715514183044, 0.0002692022917472059
0.0052536591387182755,1.4977614800741174e-10, 47.98973822716019, 2.2763553659579423e-06, 23.69312659583967, 28.31056376569703, 0.0013117960662023197
0.005425546219674831,1.2023680511526394e-09, 28.302715915603393, 3.0400700659211287e-05, 49.13798267471687, 22.546842548062955, 0.007002374749306575
0.004355880446382798,4.2975553671276145e-09, 35.76922416687012, 0.0001482832885812968, 41.078850626945496, 23.13784658908844, 0.009570429392624646
0.002211529317719396,1.6218969223213975e-08, 36.979398131370544, 0.008581943257013336, 28.900504112243652, 34.10526216030121, 0.004045369132654741
0.0015392450238795607,6.375801341991734e-09, 14.9199712181057, 0.00816942508279943, 27.172386905239453, 57.897151457923826, 0.0007842732909887389
0.0010787524843181018,3.5219892974280853e-09, 7.512851804494858, 0.0037145142414374277, 20.775651931762695, 71.70656323432922, 0.000144489183639962
0.0008524686563760042,1.5029803790422847e-09, 9.684454649686813, 0.0010487982763152104, 14.913348853588104, 75.40022134780884, 7.619759685439931e-05
0.0009132241392299486,6.103242580951896e-09, 22.177599202251386, 0.0062732218894979, 6.39054217282189, 71.4243514194698, 0.0003199994316414475
0.00026159534627367975,3.177399315879015e-09, 31.544923782348633, 0.018194812582805753, 2.2810090333223343, 66.15535616874695, 0.0002537132786528673
6.401844530046219e-05,1.8558704920068614e-10, 31.54258131980896, 0.03523601626511663, 9.367582201957703, 59.054404497146606, 0.00013669216514244908
5.586058478002087e-05,1.894762775497827e-10, 19.702531397342682, 0.02471885527484119, 8.097583800554276, 72.17504382133484, 6.44413603367866e-05
0.00024396639948721357,1.398851462392734e-10, 14.136250122040495, 0.0008976765296572393, 46.77361288385238, 39.0877945318467, 0.0011962132186544667
0.0036849472962785512,1.8034771592789767e-09, 47.62813448905945, 2.2984127667768917e-05, 31.967893242836, 20.38828879594803, 0.011975286179222167
0.025399494916200638,2.832899930263477e-10, 35.36001145839691, 2.9244182075949254e-08, 36.76527142524719, 27.84915268421173, 0.00016176254575839266
0.03676324267871678,1.4095118301693521e-09, 17.446313798427582, 1.0781461279307791e-07, 36.27335727214813, 46.24350965023041, 5.462208036988159e-05
0.03397566033527255,5.7344706511520266e-12, 0.007926613034214824, 1.4152217175933401e-07, 92.61910915374756, 7.338988035917282, 1.1874329644556703e-09
0.0006198671599122463,2.936066599298437e-14, 0.00013353127314985613, 9.67276960750496e-06, 18.73925030231476, 81.25998377799988, 5.553813770095735e-12
1.2103605229185632e-05,2.0319970920821861e-16, 5.257155066829e-05, 0.0008957287718658336, 14.795534312725067, 85.20350456237793, 5.7176370571714735e-12
1.4591979013989231e-08,3.916260520924452e-21, 4.9075424612965435e-05, 0.01635198714211583, 0.05544000887311995, 99.92815852165222, 1.3238841209547384e-12
2.0469119732524632e-07,7.171659142009018e-19, 0.0009024181053973734, 0.004335346966399811, 1.8722796812653542, 98.12248349189758, 4.118291265734625e-11
7.247122889660837e-07,5.803167116514958e-19, 0.4083608520544083, 0.024302818922214593, 0.027159186884004587, 99.54016801954317, 6.58819669230439e-06
7.245312190207187e-05,8.328587111498367e-15, 58.99888277053833, 3.5491272807121277, 0.09038603748194873, 37.32721209526062, 0.034319463884457946
0.0010003949369655697,3.018211403383032e-11, 59.01084297960061, 0.0006819485813068078, 4.785874026171805, 36.20115138299175, 0.0004549425100914162
0.3231369850046626,6.497584542032768e-10, 20.230936719831032, 2.2314700307570046e-07, 13.219506336421151, 66.21984042047504, 0.00658239189886775
0.0039670584737635075,1.5465329971981924e-11, 4.976421070268282, 1.188488116380326e-06, 76.03786898110735, 18.981578228661803, 0.00016578443067346316
7.63002176995542e-06,4.973948228119418e-12, 3.3224575221538544, 0.007797226862749085, 4.6611253172159195, 92.00856685638428, 4.80193648400018e-05
7.212004312852664e-07,6.284256262514234e-15, 0.8363759643659571, 0.027777262057871344, 45.765182123493084, 53.370657764116395, 3.7440822453592535e-06
0.0001854626358676608,9.154218998779234e-12, 83.7404360616467, 0.00011319634260729391, 14.411314690787476, 1.842516211719287, 0.005438248587234793
0.006428513734135777,4.8029669197163175e-14, 66.36740565299988, 1.288001649779602e-08, 25.53250789642334, 8.093403279781342, 0.00025160102268273477
0.003906880607284008,6.809684065903815e-15, 87.7860300413388, 9.005498164763317e-11, 0.4552949956980345, 11.754768297360439, 1.5448532263858406e-06
0.0002935944953769488,2.503658363545946e-14, 4.454015036938782, 7.557854135288968e-09, 23.7360583262374, 71.80962898616446, 2.0513034157320897e-06
0.0002935944953769488,2.503658363545946e-14, 4.454015036938782, 7.557854135288968e-09, 23.7360583262374, 71.80962898616446, 2.0513034157320897e-06
0.012083732864920892,2.6942855461404846e-13, 35.64526353152177, 2.0090386108722481e-07, 50.02804100680596, 14.3130027838351, 0.0016099814324768368
0.0012274329492356628,6.243497225004311e-16, 86.23424768447876, 3.159028039156908e-08, 12.985838949680328, 0.7776647806167603, 0.0010261112947773654
0.00014626226629843586,3.3691255049862056e-17, 13.780388236045837, 1.5611448134222883e-06, 52.55107879638672, 33.668357133865356, 3.2651243486725434e-05
4.666211737003323e-05,2.6822084096389346e-16, 68.03305149078369, 1.2835857710058463e-06, 14.588743448257446, 17.378100752830505, 5.448209776659496e-05
9.620218861527974e-05,2.1993586346328252e-14, 8.023902028799057, 1.8902059917280667e-07, 26.14225149154663, 65.8335268497467, 0.00022999859083938645
2.342139066849473e-07,3.545104831766301e-22, 97.44871243528797, 3.352232302824111e-08, 1.385917969698785, 1.1648671464542835, 0.0005038367207993755
3.82929062144538e-05,3.6082508417066514e-21, 33.38293831145028, 0.0001871070590136664, 66.29578665444691, 0.31542793416862897, 0.005625183564283416
3.378502526629745e-05,8.358957047688251e-16, 80.99315166473389, 2.5465296538129678e-08, 10.609933733940125, 8.393338322639465, 0.003544830178725533
7.442086484843458e-05,3.167464558512489e-17, 18.64193081855774, 5.2907992657141856e-11, 1.1586607433855534, 80.19932508468628, 7.053687056668423e-06
0.0005306863840814913,7.700809966129822e-16, 32.70239233970642, 1.137674806792055e-10, 4.622206091880798, 62.674832344055176, 3.940660064927215e-05
0.01055125447508001,4.74299839949313e-13, 1.5369209430421522, 2.1227020937357753e-09, 57.560176558515614, 40.892349587959, 6.683125605805471e-06
0.002458489254640066,1.1595175687048662e-14, 13.670413335611025, 0.000589020307601522, 82.93565308280624, 3.2324914017309427, 0.15839855910745967
0.001690763120501153,9.275973569022644e-18, 1.0641044640007296, 4.662546234872106e-10, 90.6758064434413, 8.258390173816096, 7.31346404840695e-06
0.0012654592266096445,6.503234884412709e-16, 0.09422937914602408, 2.583925061649294e-11, 93.94221974107984, 5.962282826032301, 1.592380204384322e-08
0.013372385001275688,1.0192778594081148e-12, 7.482028007507324, 8.761680075040912e-11, 64.34033513069153, 28.16426455974579, 6.226378967966184e-07
0.0003513394631227129,3.269331695852029e-16, 0.10639779502525926, 2.1580608394050627e-10, 39.09554481506348, 60.797709226608276, 5.351768334049822e-09
3.413099459773052e-05,6.836369523636428e-13, 13.21118308039115, 5.4525391635930406e-06, 0.2324046245817245, 86.55636035052291, 3.4738127641147245e-06
0.0001027466396408272,1.5946193475911696e-11, 93.25002431869507, 8.240534299375213e-06, 1.2263680808246136, 5.521175265312195, 0.0023219823560793884
0.00044239734870002635,1.1096189733130924e-10, 30.753423616494157, 2.7838099708240134e-06, 8.897972637294092, 60.3480673043768, 9.155874045099482e-05
2.5519474888824334e-05,1.0107858218418458e-17, 7.002430409193039, 3.1489100335482106e-12, 8.352769166231155, 84.6447765827179, 8.025503595021632e-08
2.2226831219995802e-05,1.6690040021588632e-17, 10.96191331744194, 1.1080088669485066e-10, 10.849356651306152, 78.18870544433594, 6.6481264937579e-07
0.004646425441023894,2.422671611934657e-09, 76.35716199874878, 3.500258571875747e-05, 17.161963880062103, 6.462493538856506, 0.013699676492251456
0.00637475386611186,2.446505498188145e-09, 59.32276248931885, 5.403911984558363e-07, 5.704861879348755, 34.96498465538025, 0.0010122286767000332
0.0012879819849498514,1.168120961543321e-07, 28.917968740221113, 0.026267979631481128, 49.57491452394897, 21.47127198830509, 0.008293292455180953
5.705621219931345e-05,3.4152369467269155e-17, 4.1879113763570786, 2.514752512131069e-10, 58.57835412025452, 37.2336745262146, 3.1351854445915706e-07
0.00023647088755511148,2.2139872985654358e-17, 8.252862587741769, 6.298903967086483e-12, 9.01669839124074, 82.7302028375985, 5.809260530267645e-07
0.0003942782313970383,4.844006513043736e-13, 19.70270723104477, 2.821509070827233e-06, 39.87140655517578, 40.4253363609314, 0.0001600923269506893
0.0028094626031816006,2.062071650585362e-10, 45.37310004234314, 0.0008412206625507679, 51.954203844070435, 2.6541780680418015, 0.014866350102238357
6.536627683573215e-07,1.0541677649656837e-20, 0.18287369748577476, 4.383528655620313e-12, 92.2106146812439, 7.606516033411026, 4.911863017015294e-10
1.545895003118858e-05,8.897509289996255e-19, 30.238497257232666, 1.2483021344031342e-11, 3.6249984055757523, 66.13648533821106, 1.9029688935745526e-07
0.00027198031089119165,1.4608473744341682e-13, 86.76291861976163, 0.00017583828544277298, 1.7373561650686067, 11.498675614753292, 0.0005881159476434427
6.340442837426963e-05,1.0766275803546829e-14, 91.05526208877563, 3.077556209873933e-07, 1.3007022440433502, 7.643841952085495, 0.0001242497546627419
1.2121216741434182e-05,1.593400687408637e-13, 72.4544882774353, 0.0071511545684188604, 27.021417021751404, 0.5096693988889456, 0.007266789179993793
0.0001444226541025273,1.89788545990055e-08, 73.13981652259827, 0.3045233432203531, 24.418535828590393, 0.743894325569272, 1.393080037087202
8.440441661150544e-05,1.4065394682294396e-08, 85.78668236732483, 0.3198773367330432, 12.424319237470627, 0.038609030889347196, 1.4304236508905888
1.875925903505049e-05,3.9981464319827076e-10, 12.468884140253067, 0.20796307362616062, 86.94212436676025, 0.2552112331613898, 0.1258048345334828
5.031458272242162e-06,1.1611928934130052e-12, 0.043453299440443516, 0.03558803000487387, 98.45216870307922, 1.4687737450003624, 1.4008499249484885e-05
9.837845027504954e-05,9.095212083476412e-09, 4.167284071445465, 1.9487423822283745, 76.12966895103455, 17.731378972530365, 0.022828108922112733
0.0013107804079481866,1.6706496186458253e-07, 24.19750988483429, 1.9243236631155014, 62.73694038391113, 10.998876392841339, 0.14103981666266918
3.407064273947403e-05,9.46303786224842e-09, 17.97367888532155, 1.6991038888158732, 53.5047443809953, 26.81242685392063, 0.010014960440767435
2.066824293933678e-05,1.1255633231010975e-08, 14.243656396865845, 1.12993773072958, 21.84613198041916, 62.77928948402405, 0.0009662375305197202
4.470134609123071e-05,2.8139789954577077e-07, 0.23264921260024385, 29.568179224024966, 16.39600493884116, 53.80255304590184, 0.0005701503936192023
0.00024033822683122708,1.4487697708176484e-07, 5.358942970633507, 5.029842630028725, 71.58651351928711, 17.935962975025177, 0.08849390433169901
0.0001050166702043498,4.806275169522145e-09, 0.1714966492727399, 2.5520768016576767, 97.07621335983276, 0.13469671830534935, 0.06541757611557841
0.0023319405954680406,3.219205524374047e-06, 1.2424243614077568, 19.027073681354523, 78.33989262580872, 0.9182009845972061, 0.47007654793560505
0.00022242804789129877,4.778305751074186e-07, 5.771129205822945, 18.738041818141937, 36.089345812797546, 39.38926160335541, 0.012000935385003686
4.1071420120430795e-05,2.2519730060690965e-07, 0.8879744320542298, 37.04741453559225, 2.7290646458787147, 59.33544524485526, 5.083308527646827e-05
0.015807508745567054,5.2009343481330385e-06, 30.927637926058523, 16.73356494111597, 45.228829411128686, 6.900574344465058, 0.19358597908076394
0.025135309303793867,5.54402334889402e-08, 24.483166604230796, 4.576818917800123, 69.16717703146797, 1.47408339599272, 0.2736204466891555
0.13663750141859055,4.4197880910701315e-07, 27.494245767593384, 9.00527685880661, 55.720674991607666, 7.495557516813278, 0.14760693302378058
0.003293829118651397,6.89694813513451e-06, 17.055853727808817, 9.098284488814144, 6.034293385403954, 67.80209945452806, 0.006170119381172247
0.00119644653606003,3.2435943865695677e-06, 30.81849401107395, 3.6424005712509495, 1.628441088106697, 63.90698337000509, 0.002481003468888087
0.021178753035254416,0.00011978633829072812, 0.9977304118597017, 70.21162865023271, 1.550583170284847, 27.216788862134354, 0.0019709737368071097
0.02572824596427381,0.000102807325674803, 3.428226336836815, 26.60444676876068, 1.5297451987862587, 68.40990781784058, 0.0018391145204077475
0.02823560084875529,0.0002277555631064284, 2.49823421229328, 54.37869753710613, 3.854227295769888, 39.23279280857997, 0.007589806498258948
2.0273071754672856e-05,2.08966199323621e-19, 0.6580251269042492, 8.376038035905198e-11, 7.295780628919601, 92.04617738723755, 4.047445933963445e-07
2.330043852409066e-06,2.227581972353372e-19, 4.061728585465466, 1.4801302613794984e-11, 0.09176118729889018, 95.84650968590437, 2.2047864849034906e-07
1.9005914842767444e-05,3.4742152351630997e-15, 0.033541825174683355, 5.5403332975698195e-08, 99.70296617781713, 0.2634712110499991, 1.3661973626780953e-06
3.07945299482526e-05,1.0706006232976133e-13, 0.1227942411787808, 0.000140508120693994, 98.82305860519409, 1.0539663024246693, 1.04159212810373e-05
6.326907282527827e-05,1.022649982274429e-12, 0.01067721241270192, 0.001277997944271192, 99.59957599639893, 0.38839427288621664, 1.1731482629784296e-05
1.7888487491291016e-05,2.084029997184711e-10, 0.07806724170222878, 2.3408906534314156, 95.66481113433838, 1.9157985225319862, 0.00041367825360794086
1.6666109486645975e-06,2.8020430591748853e-16, 0.17316359894580238, 1.8294611361585022e-06, 98.90894883328372, 0.9178744244798674, 1.2102042756504919e-05
1.8313220095933502e-05,1.164468289459441e-17, 0.1462839893065393, 1.3949145838410004e-06, 99.67657327651978, 0.17710039392113686, 2.372378276049858e-05
5.687542509566616e-06,2.3221819757976836e-21, 0.00038441105534071804, 7.774967114824025e-11, 99.84268545166763, 0.15692731602429247, 1.953606316866186e-09
1.041037407389922e-05,6.860538383710956e-21, 0.000689522357788519, 7.912183928870942e-10, 99.78328347206116, 0.21601482294499874, 8.646851290539104e-09
7.162475269478856e-06,7.852686343968422e-19, 0.09412141558943204, 0.0035960604951989434, 99.655270617572, 0.24699656607996628, 2.6540640296857596e-06
8.25460490368862e-07,5.902173883325303e-17, 0.000790703958374116, 0.0006788030632632625, 99.27753218680236, 0.7209927381136729, 1.1475093117797884e-08
1.7917512447198358e-06,1.271485637761961e-16, 0.10374115008966325, 0.0007581844789667629, 99.20806298159802, 0.6874307636254116, 1.7129911445634431e-06
1.755559821958741e-05,1.019972033119546e-20, 17.019912600517273, 1.0007390017574905e-11, 5.667174607515335, 77.31289863586426, 3.17434256658089e-07
2.7656645329443563e-05,1.800520868754425e-20, 5.074991658329964, 1.2360833114444941e-11, 26.2745201587677, 68.6504602432251, 8.784307170550676e-08
2.9665480383300746e-05,3.79490095716745e-17, 48.437345027923584, 6.330611590499302e-08, 5.311119183897972, 46.25146985054016, 3.782971020882542e-05
4.9228424359171186e-05,1.5457786157596485e-14, 1.0426788590848446, 0.00015463083400391042, 44.0630704164505, 54.894042015075684, 5.1819025514987516e-06
5.74478247288437e-05,1.7239059060756655e-13, 1.83773751857728, 5.840881186669302e-06, 1.026906474906978, 97.13529314223446, 1.47763419129339e-06
0.00016821178674230822,2.580703253633869e-13, 9.391425920554886, 1.0056907440323155e-07, 0.2752706546013767, 90.33308144413454, 5.8048452630349146e-05
0.0006119234967627563,4.07865981386004e-12, 34.95026230812073, 1.8640153598425968e-05, 0.33709309063851833, 64.71160054206848, 0.0004093058578291675
0.0002781325685898046,1.66473575740023e-14, 42.41719498736828, 1.123805716217574e-09, 0.4734163920382495, 57.109091109579275, 2.0703806837304624e-05
4.9999909200403726e-05,4.8589166720884284e-14, 55.76984355090184, 4.919678029676085e-08, 0.004583766895669664, 44.22552516764702, 9.856364011983117e-07
6.757075539098878e-05,8.907295770581368e-14, 37.414419651031494, 7.140628088819767e-08, 0.060514407232403755, 62.52499222755432, 7.859089379280704e-06
0.0007856431693653576,7.865610289828351e-11, 36.355000734329224, 1.4096146117026365e-05, 1.6496829688549042, 61.99420094490051, 0.0003152071030854131
0.00047797212814545015,9.441785231407534e-12, 17.422035923246852, 1.28582926757755e-05, 0.2356672009130956, 82.34180001518726, 5.450856061274503e-06
0.00027604760362009984,1.538496110023435e-10, 4.893896728754044, 1.2549686800866766e-05, 0.15568515518680215, 94.95013356208801, 1.184936770926015e-06
0.00035863420180248795,1.3668790491833116e-10, 13.444341719150543, 0.00012863552001363132, 0.11663525365293026, 86.43852472305298, 1.2911230840018106e-05
8.774272782857898e-05,2.7834106038024043e-11, 1.939623732246383, 0.0003259123981106267, 0.08797923743787334, 97.97198760342523, 1.9319662577750848e-07
4.708109315743059e-05,2.501132439179654e-11, 0.5655457265675068, 0.003996578379883431, 0.16448362730443478, 99.26592707633972, 1.0203043965262282e-07
7.103002272290139e-05,9.919095216750905e-11, 1.533294933038648, 0.022053225116251417, 0.7820893545204016, 97.66248450651672, 8.629230111887613e-06
8.413941393126036e-05,7.787922155808842e-10, 1.449582646091861, 0.04992477466317717, 0.10254366730750593, 98.3978571417502, 4.3715209348110945e-06
0.00010950429412011856,1.1049203183732347e-08, 1.0102311751384243, 0.10984083128144331, 0.03287380873591058, 98.84694807809282, 4.128073240599322e-07
6.513160816981787e-05,1.5966756647066393e-09, 0.45312426891173535, 0.24959011094064182, 0.03667085766506837, 99.26055069330637, 2.8380419707276984e-07
3.392643179722654e-05,1.3062593541557366e-10, 0.4039638675749302, 0.012876880646217614, 0.048204633640125394, 99.53492283821106, 3.246286850444591e-08
0.008658604717720954,2.538074968263373e-06, 11.47293740349635, 0.0015317532419294188, 1.5657714570028458, 86.95048016014577, 0.0006173757723994082
0.022134253095455653,3.5564854516249676e-06, 7.0091281538682075, 0.010070118751132489, 0.2666633036606493, 92.69123033828916, 0.000770607630786382
0.0027792879336629994,5.8738104657951595e-09, 3.507228195667267, 1.8552596259269194e-05, 0.22368195932358503, 96.26628160476685, 9.278718238192596e-06
0.0092053536748445,5.765348264935331e-09, 6.125018738211319, 9.393072657778166e-07, 0.16512060357976577, 93.7006350577256, 1.9920811433194375e-05
0.012825671001337469,1.2855039255299516e-07, 71.53493165969849, 0.0016336955013684928, 3.180563822388649, 25.253602862358093, 0.016439598402939737
0.00031274332741304534,3.8951659822941687e-11, 98.90415072441101, 0.0004983569397154497, 0.33923808950930834, 0.33876816742122173, 0.4170292988419533
0.0003749969672284328,4.875161921261528e-13, 91.97834229727479, 1.1721231653541257e-05, 1.9279073488226712, 6.089731324943146, 0.0036240612871434124
0.008450937457382679,2.3284155853398047e-09, 30.293169617652893, 0.017776686581782997, 47.560474276542664, 22.107283771038055, 0.012840371346101165
0.00046243718371676235,6.140329862556081e-11, 0.3175074613103224, 0.24270308768935056, 5.7835533658925735, 93.65568681427084, 9.130840746181601e-05
9.813362567001604e-05,3.68424286067428e-14, 9.926250576972961, 0.024780581588856876, 2.2776534780859947, 87.77092695236206, 0.00029016725875408156
0.0005594082722382154,6.237708510522036e-12, 53.856730461120605, 0.004901999272988178, 9.681592136621475, 36.45157516002655, 0.004642881322070025
0.027326432055692795,2.6192419240394838e-08, 17.309028941931064, 0.0003789075661480513, 23.481830864061763, 59.1808056343082, 0.0006294523620925157
0.002100991150655318,6.32844022343637e-13, 70.64111232757568, 9.090850468240763e-10, 0.06316814105957747, 29.29355502128601, 6.770366098862723e-05
0.0008789948878984433,7.2078722656264416e-12, 5.767476931214333, 9.284136653908703e-09, 0.24810365866869688, 93.98354291915894, 2.085147343677818e-06
0.0026819181364427886,1.1523935704928587e-10, 37.97963189957332, 4.256885373687728e-05, 5.424907381827079, 56.592467820195424, 0.0002665320311893476
4.605775316690597e-07,1.903929318619168e-12, 9.833838790655136, 0.06282852846197784, 86.60755157470703, 0.01724901667330414, 3.478531539440155
3.091225551088428e-05,5.932663756959278e-11, 60.561543703079224, 1.5964893624186516, 3.3115774393081665, 0.009835687524173409, 34.520530700683594
8.009139196268636e-05,1.6072212210376687e-11, 99.0640281515155, 0.4942984909473051, 0.01717952605009017, 0.0034093162383814143, 0.421006422386339
0.0003600674959647071,8.080001451122337e-11, 98.8119005448759, 0.6901389864915005, 0.0018858111830818613, 0.00109011404805798, 0.4946289878862493
0.00021824455088267333,7.562672918975031e-08, 0.16067831724246534, 55.776780155088886, 36.251358836727285, 0.011931110963055675, 7.799025440332241
3.6829342192091228e-06,1.7154901074116188e-09, 59.82655999977112, 3.630838230948237, 12.329978475568113, 0.01982093180956251, 24.192801021671418
2.4220653972087856e-05,6.49377872871857e-11, 63.358445567899416, 0.04861588820147672, 26.901337731044023, 0.06730556126228705, 9.624275222334292
3.1278918299904035e-05,6.615985970875871e-10, 0.012542882177513093, 70.98864316940308, 27.184027433395386, 0.0025283163267886266, 1.8122278153896332
5.207907944446065e-05,1.643265591242837e-10, 0.5354717227352692, 86.41239323689898, 2.629549213024927, 0.001526431788112162, 10.421008492768317
3.757465094622603e-05,7.410321813637599e-11, 60.6128454208374, 14.836525917053223, 2.4409057572484016, 0.003243968967581168, 22.106441855430603
1.0128186893335492e-05,4.998001009118997e-11, 82.50929608996488, 0.006922435253426298, 0.07275907407196308, 0.00021627153198421284, 17.410800898718886
3.072153731409344e-05,1.235962504217425e-10, 41.20493233203888, 0.2096020383760333, 7.565765827894211, 0.006435627437895164, 51.0132372379303
4.159503780644845e-05,4.1572935182794494e-11, 12.060707036298933, 5.880207546365711, 69.20204575073991, 0.04352063083585386, 12.813479472010105
0.00024342707547475584,1.6779748434909286e-11, 92.76763200759888, 1.366715133190155, 0.06344647845253348, 0.0002659950268935063, 5.801694095134735
0.00048168970494590806,1.8575747517016574e-10, 89.10925919468755, 5.535001637637713, 0.216133998551011, 0.001032105744925577, 5.138091304188449
0.00030946537208365044,8.21751141525523e-11, 81.45016431808472, 4.3380387127399445, 5.017635226249695, 0.0059350586525397375, 9.187912195920944
1.7581328393134754e-06,1.9020752854703726e-10, 98.53790998458862, 0.024963956093415618, 1.062022428959608, 0.340516772121191, 0.034591060830280185
1.6081025437167984e-05,4.522244539315257e-09, 98.1672467986051, 0.14959518411365938, 0.6694988946468956, 0.10383840343792397, 0.9098036992783904
1.3939823282780943e-05,1.0918974709070985e-09, 97.37262114123232, 0.23642665718803746, 0.43826748435303475, 0.04410269292776692, 1.9085734357579611
2.896002513352869e-05,5.725177818806382e-11, 71.55103087425232, 0.6481767166405916, 26.860740780830383, 0.36176552530378103, 0.5782595369964838
2.845686992714036e-05,4.3841874575178963e-10, 37.89828717708588, 0.8403581567108631, 60.287344455718994, 0.5315338727086782, 0.4424507264047861
9.287138595936995e-05,2.4508459497973867e-09, 47.258564829826355, 0.14477166114374995, 50.39781332015991, 0.6954831536859274, 1.5032761730253696
2.9938842169096423e-05,1.0752199815635696e-13, 94.49843731513246, 2.4307952656314213e-05, 1.5511794940340218, 3.944656487980872, 0.005674868563717779
3.340454838653298e-05,8.875378511101259e-14, 83.3592911530386, 1.604056807120404e-07, 0.6133935614355134, 16.026778098728883, 0.0004940119517858561
1.9972732215076556e-05,1.884745696420452e-14, 67.47320100505358, 3.787878237027269e-07, 0.2889250344514867, 32.23780287729519, 5.5816966467337545e-05
6.951780721321394e-06,2.121619797727894e-15, 94.3916615481175, 1.443340255634351e-08, 0.36249072123263604, 5.245691477995603, 0.00014823233160728166
6.793564871462028e-06,1.6704267868235862e-13, 94.46583357249699, 1.285719909456875e-05, 0.9097261896566265, 4.622701831024994, 0.0017170984506553978
5.0956702254558187e-05,3.0452523427643586e-10, 97.25439613952729, 0.0032285566282128013, 1.1130111432346956, 1.5841511957880985, 0.04515155539028516
1.2667000248711702e-05,5.1292043529160836e-11, 99.55267310142517, 0.007493518205592409, 0.16719454433768988, 0.19622431136667728, 0.07640990079380572
3.424413819175243e-05,2.1542415420960914e-09, 95.43137550354004, 0.0474854139611125, 1.334387343376875, 3.1846463680267334, 0.002069824404316023
5.099731481550407e-06,1.0053654957153935e-10, 97.59742617607117, 0.038604356814175844, 1.2648873031139374, 1.0653277859091759, 0.03375606902409345
0.00017875372720517723,8.901248121069027e-09, 45.29959019427417, 1.1284678760507254, 32.94879103317368, 20.56560420207927, 0.057367158734243064
8.229829042511552e-06,2.6552375367028556e-13, 90.55866542808208, 1.4531582137776028e-06, 0.01674528711866436, 9.424566294227022, 1.7088563761186483e-05
0.00023726554445602233,4.230662695170473e-10, 48.06468188762665, 0.0012275395420147106, 0.004189252285868861, 51.929664611816406, 1.903773139133591e-06
7.996753814687452e-08,2.1116114812063105e-18, 95.38520574569702, 5.064298633228326e-09, 3.7869252622613203e-06, 4.614788666367531, 9.210748483368114e-10
3.9947818208929675e-05,8.765837430271857e-15, 74.79995489120483, 1.398859583723322e-07, 0.05408165161497891, 25.14585554599762, 6.687615154987725e-05
0.0011991243614700709,1.7088655677775898e-13, 6.746441527989002, 6.208181894450635e-07, 10.318393130206653, 82.93345468839733, 0.0005099623044051347
9.470505801800755e-05,4.567154915890578e-16, 29.686400294303894, 3.1050263055165672e-09, 0.6236434914171696, 69.68976855278015, 9.770609494808014e-05
1.564054308289542e-06,1.8875768824384254e-18, 94.64890956878662, 3.430319917008262e-09, 0.00191785984497983, 5.349168181419373, 4.472476788919266e-06
2.8111610816949906e-07,5.57771053595289e-18, 94.58319544792175, 4.060080716072889e-07, 0.00039179676605272107, 5.4164111614227295, 5.10602049530462e-07
3.005632366730081e-07,9.040711110327611e-18, 98.03404200279964, 7.205696913429213e-07, 1.3757101523047282e-05, 1.965939184483241, 7.3767478303966944e-06
7.013008610519196e-06,5.394374635401657e-15, 88.01784968588944, 1.6232181979566628e-06, 0.0017306733087414721, 11.980391231821923, 2.4395632247055172e-05
7.671689781506099e-05,1.2737269131429947e-13, 54.04007982729914, 4.361267804356345e-06, 0.11197379619568036, 45.84780384924366, 5.2047851730079835e-05
3.357231150857842e-05,7.697358141433638e-16, 48.45299422740936, 6.044127864868187e-07, 0.7367691956460476, 50.81015229225159, 5.6361164979534806e-05
2.5615882854037863e-05,3.456301500272968e-17, 8.20639554896328, 2.40112721806522e-08, 5.402738550468597, 86.39082231466904, 1.9503971512415115e-05
7.959003767155082e-06,1.410768554677465e-17, 0.11580372229218483, 1.952802329563408e-09, 97.51982092857361, 2.364369109272957, 1.4222428568189116e-06
4.059569391756668e-05,2.565292749714444e-14, 70.69045305252075, 1.754977690948678e-08, 14.336293935775757, 14.965322613716125, 0.00788602847023867
7.270426749528269e-05,5.857987218982135e-14, 10.023552924394608, 3.645347079750394e-08, 76.86825394630432, 13.107360899448395, 0.0007623699730174849
7.01043461504014e-05,3.310911236287375e-14, 2.136199176311493, 1.1851891690284333e-07, 91.60150289535522, 6.262078881263733, 0.00014818546105743735
5.4026702400733484e-05,2.3251463095527595e-13, 51.288920640945435, 1.5404578945776848e-06, 17.884038388729095, 30.821189284324646, 0.00579764018766582
5.9115553312219075e-06,5.763078182493009e-15, 91.4300913471038, 1.5032858077324487e-07, 0.6805148381301664, 7.883717589599943, 0.00567282874887906
1.4704628791771532e-05,2.6533985288030794e-15, 75.44400545620951, 6.592222161391473e-08, 0.28274156441489245, 24.27303488689869, 0.0002094851094887564
0.00269192373449566,1.54205433193644e-11, 12.630018576381376, 3.526588156316768e-07, 4.199994599819827, 83.16624365255312, 0.0010435158066905352
0.00015727072195659275,1.5098636908771271e-15, 29.07155752182007, 1.1529500271167947e-08, 5.681313946843147, 65.24689793586731, 7.401765174108732e-05
8.974007494653557e-05,2.320326574838013e-19, 41.58003280043798, 2.6582860084617267e-14, 1.9506422102834111, 56.4692411702419, 1.043069071115337e-06
1.3300430623530701e-05,8.561201078945635e-18, 77.21385955810547, 4.830474128331153e-10, 2.984267473220825, 19.801783561706543, 8.161748610291397e-05
4.266313169409841e-05,2.3537039194903198e-14, 88.38439583778381, 1.0681626250175213e-06, 0.025734290829859674, 11.570101976394653, 0.019730186613742262
0.0007627692866460129,2.2118082643048608e-15, 34.66091867219432, 1.2239435924987136e-08, 1.666576055178172, 63.64827914813508, 0.02346769313222237
5.098061137687182e-05,2.3366472567361293e-15, 72.44459390640259, 0.0003516538299663807, 4.945056140422821, 22.609801590442657, 0.00014525170399792842
5.50930145948314e-06,3.482867750597134e-17, 1.8197447061538696, 1.5248460272232478e-05, 94.68947649002075, 3.4901361912488937, 0.0006215334451553645
3.2498768121058674e-06,5.655335499158274e-20, 0.0125966063933447, 9.886669261049974e-09, 99.7316062450409, 0.25577652268111706, 1.8052074324259593e-05
8.666508254862883e-07,4.207250592756433e-23, 3.688649656757036e-06, 3.904073864042524e-11, 99.97759461669986, 0.02239789925102973, 7.882261340306238e-12
3.529974978988548e-07,1.5689055009652736e-21, 0.0003858199306705501, 7.82589799712928e-12, 99.64358806610107, 0.35602429416030645, 4.332425737607615e-09
5.890192500412894e-09,5.501128622306873e-22, 0.0003493258645903552, 1.2793212669781617e-10, 99.95669722557068, 0.042952620424330235, 3.054499431165425e-08
1.3829728767782635e-08,1.4188407162565394e-22, 2.4836330562404764e-05, 6.630461881551116e-10, 99.98081326713404, 0.01915643578206768, 2.0478169668240205e-10
1.2401910609582956e-06,1.4944280700525268e-20, 0.0010700577149691526, 3.3238832693183173e-10, 99.7643768787384, 0.23454984184354544, 1.4451273511184581e-08
3.6274514059186913e-06,1.9676958931356274e-20, 9.298145755565201e-05, 4.018597399291224e-08, 99.8984158039093, 0.10149176232516766, 7.932895659812367e-10
6.520626243400329e-05,1.0104536607460327e-13, 0.8828622289001942, 7.145971814281893e-07, 94.05466914176941, 5.062219128012657, 0.00018638349956745515
3.5951887866758625e-05,3.4594787294171467e-12, 5.506426095962524, 0.0001808459842322918, 92.52457022666931, 1.9655197858810425, 0.0032672098313923925
5.45187958778115e-05,4.494930467886123e-16, 0.8718936704099178, 6.052108120213617e-09, 94.08755302429199, 5.040485039353371, 1.1192650362090717e-05
1.6173391514939794e-06,2.0765844306988553e-22, 3.3635748764027085e-05, 1.5523171669525743e-11, 99.89257454872131, 0.1073894090950489, 7.540481775222471e-12
1.8470730722697226e-06,2.1944862010866036e-22, 3.69254394172458e-05, 4.748216996994757e-12, 99.94307160377502, 0.05689272657036781, 2.5638016015738785e-09
8.7463103665852e-05,3.7708930079471355e-22, 1.4339652809452206e-05, 1.847221081123217e-12, 99.89402293527263, 0.10587797199952435, 1.194214416648685e-09
0.00022414717477658996,2.3704471386949955e-16, 29.43340241909027, 5.58683273255145e-09, 29.6053946018219, 40.96097648143768, 5.760724164360909e-06
0.00033578583042981336,1.2328516901683058e-14, 3.2388832420110703, 1.1947330624817454e-08, 78.5429298877716, 18.21783035993576, 2.3314669306273572e-05
5.3580055237034685e-05,1.605843566662217e-16, 4.482646659016609, 4.3717380826535646e-07, 77.97452211380005, 17.542777955532074, 6.681812436681867e-07
0.0013768228111361712,1.4429344759386903e-13, 3.021450148311266, 1.6164535563219945e-06, 85.28127582557653, 11.694665205160689, 0.001230258004057931
0.01484865351812914,5.1962936780955675e-19, 0.0424762285547331, 4.0990702610518006e-17, 78.23736071586609, 21.705320477485657, 1.6085540885391048e-09
0.0001641327994668375,7.35555705165256e-21, 13.632196322941342, 4.061150771714476e-12, 23.298454081827888, 63.0691841923218, 5.88000758234953e-06
7.202090731194601e-06,4.712413740019848e-24, 0.06474830246892885, 1.5617993113434972e-15, 94.34754814788987, 5.587695126992173, 7.010766951157304e-10
5.744139767424815e-06,1.122991435922511e-23, 0.0466395346728522, 2.6843884384679122e-14, 95.26245650500577, 4.690893925321826, 1.324284621191409e-09
0.0002938123316198471,1.8540933146042935e-14, 2.7983296662569046, 5.17935339061637e-07, 73.53755235671997, 23.6638143658638, 1.0160531616065782e-05
0.00011791694305429701,1.863057305466408e-14, 0.9320636279881, 7.611783559013929e-06, 92.75696873664856, 6.310839951038361, 1.4987433516466808e-06
0.0006772359381708783,1.811140498025606e-16, 1.6495257719785896, 6.8438481363065604e-12, 19.291078363785548, 79.05872214540507, 2.670015815876298e-06
0.007272974471561611,2.766460645361279e-18, 3.0698157846927643, 8.736571614763609e-16, 37.6115083694458, 59.31140184402466, 2.33512253977608e-07
0.0017174190361401998,1.0483738782285357e-17, 1.0818093083798885, 4.81793457092073e-16, 67.61417984962463, 31.30229413509369, 3.8331534127356015e-10
0.0012251783118699677,3.3325833021618153e-15, 1.0506329126656055, 8.025302644654175e-10, 38.870400190353394, 60.07773280143738, 5.957293680580733e-06
0.000349483752870583,7.336275175946847e-14, 52.71034836769104, 2.497392570521839e-08, 1.4846556819975376, 45.80358266830444, 0.0010634137652232312
9.642596978665097e-05,2.3298678498717672e-15, 51.41606330871582, 5.219516374666e-07, 1.8994946032762527, 46.684205532073975, 0.00014084217809795518
0.00025213764729414834,2.077111894922104e-15, 67.46695637702942, 0.0006186296104715439, 5.802405625581741, 26.729491353034973, 0.0002766376837826101
0.0010521683744538558,6.94438184957061e-13, 45.74390402508926, 5.89144982511324e-06, 2.8480897056353442, 51.40661580483725, 0.0003250261965132871
5.779554612672655e-05,1.1142185055071347e-14, 55.7303786277771, 8.579401078456783e-09, 0.025406540953554213, 44.24415826797485, 9.87862680545959e-07
0.00028058409498044057,1.7896496662546911e-12, 12.851773202419281, 2.9720723659920623e-06, 7.355409115552902, 79.79248762130737, 4.9105767629953334e-05
5.80256084958819e-05,9.902735242941726e-14, 0.5469803232699633, 9.524365509605559e-05, 93.27669143676758, 6.176082044839859, 9.66659627010813e-05
0.0005223831522016553,1.4042871141102531e-11, 37.605494260787964, 0.04811772087123245, 29.67642843723297, 32.66487419605255, 0.004565756535157561
0.00014524845797677163,7.122510499003874e-10, 54.87235130401238, 0.26384393333268963, 34.60132961257343, 10.258122800812387, 0.004201126147881945
2.7921635137317935e-05,1.908208313583515e-08, 26.259970664978027, 0.2001625718548894, 71.21124863624573, 1.6975898295640945, 0.6310040596872568
1.5638068885243262e-05,2.466864418429415e-07, 8.731944563157015, 3.053119600937414, 86.55320566258364, 0.1777453252566963, 1.4839647431415626
3.525256602188165e-05,3.647380730775751e-08, 66.35809540748596, 7.256683707237244, 24.710874259471893, 0.01993677142309025, 1.65437962859869
0.00039416986358934775,1.0465558726601363e-06, 19.75043031568166, 59.92936373599008, 17.28815528295573, 0.10885050154024344, 2.92280039366479
0.0008587248885305598,3.2874707400765146e-07, 0.7431931793689728, 78.06601524353027, 19.770894944667816, 0.031874203705228865, 1.387166604399681
9.063252236018615e-05,5.4090068983756974e-08, 0.07715750130645939, 75.8203372848235, 23.978289900916213, 0.09160582522188575, 0.0325203834393104
1.141759963571877e-05,2.1511953224211616e-08, 0.010916845999824017, 95.4870578936969, 4.479020728410526, 0.020380265537497583, 0.002616993853286939
0.0004146855605052535,1.0442945262642323e-07, 0.14520888814075134, 84.29921456584756, 15.411671649018329, 0.09720186359077829, 0.04628098425551692
0.0003766140031406843,4.12046809735512e-06, 0.22216054756515652, 85.01284897174251, 11.8228071245185, 2.9309012227176163, 0.010896560135521276
7.450932209038534e-05,5.004423694716545e-07, 0.0012322968919030411, 98.89248000293732, 0.6309706072921285, 0.475182534030978, 6.511884501856662e-05
2.448169167390546e-08,1.4930311211419349e-24, 32.65417516231537, 0.0004502358024183195, 10.297360271215439, 0.00014441900475503644, 57.047873735427856
2.264384901806693e-07,2.3574905020846843e-22, 58.638542890548706, 0.0003403998789508478, 16.252151131629944, 0.0017337850295007229, 25.107237696647644
1.9400942712164554e-11,3.058344492360362e-26, 0.01248488697456196, 0.04943333915434778, 99.88586902618408, 3.3570714208508434e-05, 0.052184262312948704
1.2510249156574532e-09,8.211796813092013e-21, 0.00403235123619348, 0.08215511518916604, 99.91270900813234, 0.00025780345023048194, 0.0008424126368329697
1.1250348742886107e-09,9.444427035213413e-21, 0.0010114337783306837, 0.3721865126863122, 99.62408542633057, 0.00012911298199469456, 0.002585825313872192
4.964179067812324e-08,1.1332216710672211e-17, 0.1493631163612008, 0.009198910265695304, 99.81191754341125, 0.004635677396436222, 0.024882055004127324
1.3430387444529623e-10,4.720293644733565e-19, 8.579135055697407e-05, 0.08872651378624141, 99.91057515144348, 9.763448360899929e-05, 0.00051436240937619
2.5599640880735174e-10,4.370718842020125e-19, 4.922205771287413e-05, 0.038680351035590345, 99.96078610887693, 0.00011443378070992866, 0.0003678429737065796
4.9706933014093124e-08,1.1302625668426622e-15, 0.06972599076107144, 0.06063453620299697, 99.65110421180725, 0.0012639718988793902, 0.21727110724896193
1.2896938730743296e-07,5.247258909671557e-15, 0.4108673672149996, 0.03569272443124499, 97.78375612400508, 0.0018419160557749006, 1.7678425769712076
1.303896624008002e-07,1.302717973525251e-15, 0.35958583281700807, 0.012981108057583604, 98.76938454922346, 0.002919366480749524, 0.8551274935977157
1.696489615454766e-07,5.040964384351259e-16, 0.2510512014850974, 0.00844734167912975, 99.52006340026855, 0.003765216388273984, 0.21667750552296638
2.4793049835381e-07,6.565568681898265e-16, 0.7056524511426687, 0.002065392072836403, 98.92633557319641, 0.005888385931029916, 0.3600564319640398
1.8099030052454168e-07,2.036939537601221e-15, 0.6662947125732899, 0.005862420221092179, 99.16587471961975, 0.006074706470826641, 0.15589543618261814
9.96482785176056e-08,3.836131154414696e-15, 0.7375785149633884, 0.006297299114521593, 99.06919598579407, 0.010708204354159534, 0.17622506711632013
2.034742939959677e-07,3.356066828917122e-15, 0.8136194684278648, 0.0072946150594906545, 98.97052043500665, 0.09733051408934677, 0.1112342645591059
1.9767600889508685e-06,2.9798674141547857e-13, 46.482858061790466, 0.0022378437279257923, 52.103132009506226, 0.8858760818839073, 0.5258943419903517
9.26174124060708e-06,8.424444681350701e-12, 75.66292881965637, 0.0007147104042815045, 23.339568078517914, 0.504732970148325, 0.4920473787933588
2.018425604433105e-06,3.763334032728558e-14, 2.9191693291068077, 0.00016147345149875036, 96.8083918094635, 0.25513956788927317, 0.017137674149125814
2.965723133740994e-06,1.2980600980962045e-13, 0.7072148844599724, 0.001267027710127877, 99.15435314178467, 0.11747804237529635, 0.01968390861293301
1.1088777491035327e-05,3.6249738012575906e-11, 0.4061049558135841, 0.03546704167489956, 99.39572211478485, 0.1375040587040221, 0.02519246923021789
3.3776888841430264e-06,7.772095819572403e-12, 0.13434079010039568, 0.01926617114804685, 99.0597665309906, 0.785586517304182, 0.0010339001164538786
1.641593598833424e-05,7.5853412093152e-10, 0.23049977608025074, 0.2781990682706237, 96.56991958618164, 2.918175794184208, 0.0031861600291449577
1.8384427521452236e-05,2.7708568429393665e-10, 0.19234591146012614, 0.08075229606418587, 97.6558862719468, 2.0688384141825686, 0.0021593240867454947
7.246079576361808e-05,6.794504542328994e-09, 0.621776981279254, 0.3949688747525215, 95.92167139053345, 3.04891187697649, 0.012601884372998029
0.0004196272129775025,6.910615413247001e-08, 1.1709916405379772, 1.2188510037958622, 93.86879205703735, 3.698117285966873, 0.04283396992832422
0.0033907791981289746,2.2391275051608814e-07, 12.899267625896021, 0.060417583227669214, 83.53700238025161, 2.7455835124154673, 0.7543333838184615
0.008197411079891026,3.5516136698277023e-07, 24.177850782871246, 0.1539120334200561, 72.2786009311676, 1.627914048731327, 1.7535297200083733
0.005569510240086996,4.888641130891442e-08, 39.56442897743833, 0.022484353624286815, 57.16898355853753, 0.756524971839789, 2.4820045403236697
0.001065470923846717,3.12975375396915e-07, 67.28001637935736, 0.8109948149916419, 29.84798728513642, 1.537567748133406, 0.5223686652552286
0.0011186318685043409,1.0597475272761384e-06, 54.03872776493165, 7.639802412963201, 36.46936553351468, 1.2815379202709103, 0.5694510162712355
0.02822313690558076,1.8254515055105003e-05, 24.7667595744133, 62.05165982246399, 8.900411427021027, 4.003052785992622, 0.2498769899830222
0.009801480337046087,3.238344703504481e-06, 25.333595275878906, 44.884467124938965, 24.523118138313293, 4.9538202583789825, 0.29519556555897
0.004190554318483919,4.24152002409528e-07, 67.5148069858551, 16.877926886081696, 13.367344439029694, 0.38231594953686, 1.8534153699874878
0.0011939375326619484,1.7213164227314337e-08, 54.143136739730835, 26.48104429244995, 15.015451610088348, 0.050294556422159076, 4.308882355690002
0.000824372049488417,1.364024391470877e-08, 60.528520377190134, 23.968291221159173, 11.890606545842084, 0.05393239874548607, 3.557827535738202
0.0012589623111125547,1.8083848862815444e-07, 68.10159087181091, 26.197686791419983, 3.0248384922742844, 0.031096491147764027, 2.6435332372784615
0.0020110035620746203,5.725816265567119e-07, 32.58576691150665, 60.343605279922485, 5.915402248501778, 0.3540821373462677, 0.7991340011358261
0.00258189465967007,1.639972158073988e-07, 19.30263489484787, 66.10955595970154, 13.302847743034363, 0.9245865046977997, 0.35779508762061596
0.0033243875805055723,1.893866174995651e-07, 27.171337604522705, 39.28200304508209, 31.672537326812744, 1.3214235194027424, 0.5493754986673594
0.0014541030481339523,1.494831080577058e-07, 77.47044831866641, 3.782814662717025, 15.200695073521725, 0.3613459446911878, 3.183241554112249
0.002923626198025886,3.8178789019127635e-07, 67.26453900337219, 0.8172743022441864, 26.119357347488403, 0.8212135173380375, 4.974687099456787
0.003848085179924965,2.2351532180664435e-06, 44.95033919811249, 2.3718608543276787, 16.85991883277893, 35.579562187194824, 0.234472518786788
0.002354203570575919,6.364191840191324e-07, 27.111339569091797, 0.239930534735322, 23.824967443943024, 48.72444570064545, 0.09696570923551917
0.003256920535932295,1.1218985740413245e-07, 11.728337407112122, 0.16977816121652722, 35.895487666130066, 52.14341878890991, 0.05972473882138729
0.001953727041836828,3.066881471003313e-08, 7.315658777952194, 0.0527050462551415, 48.291388154029846, 44.29570734500885, 0.04258654662407935
0.0016638543456792831,3.430186135133795e-08, 18.358397483825684, 0.06333587225526571, 24.732455611228943, 56.78068399429321, 0.06346121081151068
0.0010257673238811549,1.1434036356616772e-08, 58.84004831314087, 0.049406185280531645, 4.314928501844406, 36.76227331161499, 0.03231533046346158
0.0001680241198406554,4.0510392595877345e-10, 86.68257514730544, 0.008811044769973369, 0.3567751942515489, 12.94903236323788, 0.0026432504211953162
0.0007984837360067378,1.6433354268773337e-08, 52.01804947960672, 0.06609348741358444, 5.847379168711851, 42.03275096611684, 0.0349306725995271
0.0011700233699230012,2.5697157735038445e-07, 6.027095392346382, 0.5294392351061106, 74.34629201889038, 18.94395351409912, 0.15204823575913906
0.0007758225365250837,8.281673302690251e-06, 3.5127945244312286, 84.89489555358887, 10.092568397521973, 0.3481601597741246, 1.1507916264235973
0.00010388702094132896,9.551640589577914e-08, 0.2781981835141778, 5.644121021032333, 91.22994542121887, 0.01785565254976973, 2.829776145517826
5.023382976651192,0.02089599729515612, 72.32388257980347, 2.5146981701254845, 14.406821131706238, 5.360281839966774, 0.35003540106117725
11.417036632652684,0.00382157259000345, 74.4870037451978, 4.296356672482887, 0.22779665500114502, 9.56566592268158, 0.0023157707769017113
6.803384828769256,0.00024733089158787816, 2.7651410335386415, 0.19245094136973867, 0.010439454385195933, 90.22833646704773, 1.8986083171532252e-06
18.995568930574528,3.4475786338871575e-06, 3.830693746291846, 0.03783315347288143, 0.3495642633589224, 76.78619346454066, 0.00014428404157260766
13.355901143306562,4.0353913590123454e-09, 51.45927378292524, 0.08088120275772827, 0.13927147622534491, 34.90970044789913, 0.054970398562127265
0.0010724799722083844,5.697017871779316e-15, 10.77364906668663, 0.0005187420811125776, 19.983796775341034, 69.23861503601074, 0.002348085581616033
0.018332776380702853,1.520441758606772e-12, 25.68335235118866, 0.8820670656859875, 3.274468332529068, 70.13862729072571, 0.0031528263207292184
0.006626356418082843,2.044881418852951e-14, 9.553154164176682, 0.0022455929007861846, 2.4534505661188883, 87.9841997642279, 0.0003193084541158917
56.48045357712273,4.098067896185536e-08, 23.947949519386803, 2.2632144713189253, 0.0009608192966923163, 17.30680328133165, 0.0006276305370167253
4.590850695967674,2.67647077833999e-06, 3.94054614007473, 0.004924875975120813, 0.1076387008652091, 91.3560152053833, 2.1615902312532853e-05
7.484976947307587,0.0012603204595507123, 16.820251941680908, 0.6914603989571333, 37.175944447517395, 37.7862423658371, 0.039862998528406024
2.2523995123755225e-08,5.606809197088603e-15, 99.77470635024943, 0.002839811701151029, 0.1759040739926144, 0.010855309584634204, 0.03569731119519837
4.086142268988624e-05,8.20063841730197e-14, 99.08928871154785, 1.0583087828308635e-05, 0.04411847912706435, 0.8653215132653713, 0.0012189821973151993
0.12457292759791017,3.404290001277261e-14, 0.05324052763171494, 1.0508794723307346e-06, 99.32369589805603, 0.49820588901638985, 0.0002853180831152713
0.0018074729436689694,3.970054513024231e-14, 0.0004636554698537337, 0.00018948088601775394, 9.766663448015658, 90.2308756250665, 2.1319818016117836e-08
2.5676749615399785e-07,4.0699134369290135e-18, 4.938200542925486e-09, 3.501067737943231e-05, 0.0016141022570081986, 99.9983549118042, 3.9538330660550305e-14
4.3009530398957496e-11,3.7058715100950026e-26, 3.017957723463159e-12, 2.0936934979243378e-13, 2.8570759980084404e-06, 100.0, 3.186693606087279e-23
6.221060364479117e-16,9.307889855343345e-34, 1.2842304588174856e-14, 6.3768326186113266e-15, 5.359640682656153e-11, 100.0, 1.3805100447921395e-27
4.6984672738734724e-15,3.2827468243000056e-32, 4.9743238025282306e-14, 4.217452747948822e-14, 2.8865334601724246e-10, 100.0, 6.128854361955689e-27
6.117983320397353e-15,5.275997927089559e-32, 3.682866167437196e-14, 6.856967289062016e-15, 1.319010439065904e-10, 100.0, 2.206385517984951e-27
7.911250669663723e-15,5.858963687393237e-32, 6.853439926232294e-14, 2.2075955006492813e-14, 7.461817622123057e-11, 100.0, 1.479056299020444e-26
1.7550872068199845e-14,1.0305735297811618e-31, 6.033253688241219e-14, 6.01496148234967e-14, 7.956665382981287e-11, 100.0, 5.43423907930451e-26
3.2750092154224095e-14,4.5812287868627615e-31, 1.3765337831319344e-13, 3.769571900989494e-13, 7.255052136313778e-11, 100.0, 5.4201018868442325e-25
1.81768675327034e-13,1.9460719225391407e-29, 3.793156686372843e-13, 1.3273601747636806e-12, 2.8922871042613707e-10, 100.0, 5.387062096425083e-24
2.089775547026813e-13,5.981166812774875e-29, 7.84029535494694e-13, 1.1936794868522282e-12, 9.288774176913206e-11, 100.0, 1.0202432997051005e-23
3.7211669326692263e-13,4.270034951113396e-28, 1.4756788837289318e-13, 2.1864264532315018e-13, 2.066027253791458e-10, 100.0, 1.2727769000990513e-25
3.069413831514379e-13,4.8785054336527e-28, 1.0929646224457318e-13, 2.8125081033374393e-13, 2.447013945638954e-10, 100.0, 5.210370908498882e-26
6.871192254499087e-13,2.0516564567161575e-27, 1.300817402097754e-13, 2.4789261999179617e-13, 5.762244847939968e-10, 100.0, 4.268736573404325e-26
1.555972927271606e-12,4.079347950234869e-28, 2.6004292645533285e-14, 1.6420726299259676e-15, 1.5236364392379187e-07, 100.0, 1.9881847270598918e-27
3.1631289215238844e-13,1.115201364777651e-29, 3.0537393280067606e-14, 8.515260599927904e-15, 1.0227981794841412e-07, 100.0, 1.732810569220587e-26
4.78028044665485e-11,3.837138321020819e-26, 1.5607393510723953e-12, 1.0284021565494533e-14, 6.974410666771291e-05, 99.99992847442627, 1.249274149134532e-23
1.1944744082725833e-07,1.5718885311467125e-20, 7.862451141538163e-10, 7.323418401653653e-12, 0.01646493619773537, 99.98353719711304, 1.710840212602381e-17
1.460218616256248e-06,1.8645774141608707e-20, 1.1902668541852953e-06, 3.667293461936797e-10, 0.9628671936253078, 99.0371288016881, 1.156903888874187e-12
0.00010006853017330286,5.704621315969903e-16, 4.955749659529829e-05, 3.8021661374898486e-07, 2.1576249971985817, 97.84222841262817, 7.921949554678953e-10
0.000177296466755613,1.490586556270894e-18, 5.655052640377963e-07, 4.081992774590524e-11, 96.90507091223348, 3.094747479886117, 1.1317606505684928e-12
0.03742203407455236,2.1579055816539627e-10, 24.530959129333496, 4.998209419682098e-05, 65.18031358718872, 10.243267565965652, 0.00798570763436146
0.002622505209609245,2.15694259309915e-12, 92.01186251711026, 8.693185356802674e-06, 2.2234584598814524, 5.742517828495373, 0.01953503640856811
3.330148956592893e-05,1.9993681189822698e-10, 72.80634641647339, 0.012274716573301703, 21.385973691940308, 5.727536231279373, 0.06783977150917053
1.42121322710409e-05,2.7177525854793494e-09, 2.6126932352781296, 46.21957540512085, 50.85005760192871, 0.06763138808310032, 0.2500280272215605
0.00035663256312545855,1.503522994994455e-06, 45.08277177810669, 51.9373893737793, 2.3997992277145386, 0.29256462585181, 0.2871203701943159
0.00020633847270801198,5.44150458026138e-07, 23.596808314323425, 23.152227699756622, 29.025956988334656, 0.023214652901515365, 24.201585352420807
2.2389582454707124e-05,1.878352057227417e-08, 12.664544582366943, 0.5853964015841484, 18.19169819355011, 0.0019621658793766983, 68.55638027191162
